1.47798
1.47798
1.4782
1.47798
1.47738
1.47734
1.47803
1.47924
1.47867
1.47395
1.46381
1.44784
1.42713
1.40426
1.38275
1.36395
1.34813
1.33473
1.32521
1.31219
1.30222
1.29316
1.28539
1.27933
1.27517
1.27278
1.27173
1.27147
1.27159
1.27174
1.27186
1.2718
1.27174
1.27184
1.27279
1.2741
1.27662
1.27921
1.28235
1.28613
1.28955
1.29508
1.29975
1.30326
1.30787
1.311
1.31358
1.31556
1.31709
1.31823
1.31903
1.31945
1.31942
1.31892
1.31823
1.31717
1.31638
1.31622
1.31708
1.31962
1.32213
1.32631
1.32935
1.33108
1.33219
1.33184
1.33038
1.3282
1.32565
1.32295
1.32062
1.31659
1.31254
1.30783
1.3027
1.29747
1.29343
1.28883
1.28518
1.28311
1.28331
1.28507
1.28786
1.29075
1.29268
1.29304
1.29111
1.28821
1.28321
1.27589
1.27061
1.26236
1.25516
1.24728
1.24029
1.22865
1.21825
1.20767
1.19748
1.18835
1.18105
1.17599
1.17384
1.17411
1.17612
1.17676
1.1741
1.16693
1.15477
1.13827
1.11876
1.09782
1.0811
1.05684
1.03704
1.01703
0.996061
0.973828
0.95068
0.932141
0.905875
0.886595
0.870717
0.858653
0.851638
0.844751
0.841646
0.840235
0.840028
0.84056
0.842053
0.845125
0.847906
0.852991
0.857824
0.862934
0.868097
0.873188
0.878206
0.883232
0.888375
0.893711
0.899232
0.90484
0.910406
0.915776
0.919841
0.925505
0.928998
0.933884
