0.00913327
0.00913325
0.00914234
0.00919928
0.0095364
0.0102059
0.0110406
0.012723
0.0140345
0.015773
0.017931
0.0198054
0.0217887
0.0238889
0.0256276
0.0282557
0.029982
0.0320941
0.0341694
0.0362368
0.0383171
0.0408281
0.0424965
0.0449662
0.0469844
0.0489704
0.0509357
0.0528917
0.0548443
0.0564036
0.0583469
0.0606694
0.0626015
0.0645372
0.0664821
0.0680465
0.070012
0.0719848
0.0739603
0.0763283
0.0782976
0.0802637
0.0822273
0.0841884
0.0861465
0.0881011
0.0900531
0.091614
0.093566
0.0959114
0.0974768
0.0998274
0.101789
0.10336
0.105325
0.107679
0.109245
0.111197
0.113533
0.115477
0.117417
0.119354
0.120902
0.123222
0.124771
0.127096
0.129038
0.13098
0.132533
0.134475
0.136419
0.138366
0.140318
0.142663
0.144227
0.146571
0.148132
0.150079
0.152404
0.153945
0.155862
0.15815
0.160049
0.161566
0.163841
0.165359
0.16726
0.169546
0.171453
0.172979
0.174887
0.176798
0.1791
0.180641
0.18296
0.184892
0.186432
0.18873
0.190254
0.192535
0.194435
0.196339
0.198247
0.199776
0.20207
0.203982
0.205895
0.207807
0.209337
0.211632
0.213163
0.215075
0.217368
0.219277
0.221183
0.222706
0.224608
0.22689
0.228794
0.230316
0.232217
0.234488
0.235996
0.238251
0.240126
0.241996
0.24349
0.245727
0.24759
0.249081
0.251319
0.253186
0.254681
0.25655
0.258416
0.260649
0.262503
0.263984
0.265834
0.268053
0.269533
0.271754
0.273236
0.27509
0.277316
0.278799
0.280651
0.282495
0.284696
0.286159
0.287985
0.28981
0.291997
0.293816
0.29563
0.297438
0.299242
0.300687
0.302858
0.304673
0.306126
0.307942
0.310118
0.311929
0.313378
0.315555
0.317374
0.319193
0.321013
0.32283
0.324647
0.3261
0.327916
0.329728
0.331531
0.333678
0.335102
0.337231
0.338649
0.340777
0.342553
0.343973
0.346103
0.347523
0.349655
0.351078
0.353215
0.354996
0.356772
0.358539
0.360296
0.362046
0.363441
0.365532
0.367275
0.369018
0.37076
0.372499
0.374235
0.375968
0.377354
0.379434
0.380822
0.382906
0.384641
0.386376
0.38811
0.389846
0.391584
0.392976
0.394714
0.396446
0.39851
0.399878
0.401917
0.403272
0.404964
0.406659
0.408358
0.410061
0.412105
0.413466
0.415504
0.417201
0.418561
0.420262
0.421963
0.423999
0.42569
0.427036
0.42905
0.430727
0.432407
0.433754
0.435438
0.437122
0.438804
0.440819
0.442496
0.443832
0.445828
0.447151
0.448799
0.450443
0.452415
0.454057
0.455697
0.457006
0.45864
0.4606
0.461909
0.463875
