10.0104
10.0104
10.0104
10.0099
10.0072
10.0013
9.993
9.97278
9.95344
9.92248
9.87602
9.83083
9.78142
9.7297
9.68799
9.62715
9.58888
9.5446
9.50475
9.46933
9.43785
9.40402
9.38294
9.3519
9.32522
9.29669
9.2656
9.23163
9.1948
9.1635
9.12254
9.0717
9.02887
8.98646
8.94511
8.91309
8.87464
8.83795
8.80289
8.76252
8.72982
8.69748
8.66502
8.63204
8.59823
8.56339
8.52746
8.49795
8.46023
8.41405
8.38293
8.33615
8.29738
8.26666
8.22879
8.18425
8.15513
8.11932
8.07708
8.0423
8.00771
7.97311
7.9453
7.90319
7.87477
7.83154
7.79495
7.75793
7.72805
7.69048
7.65279
7.6151
7.57751
7.53266
7.50295
7.45869
7.42939
7.39299
7.3496
7.32083
7.28503
7.24224
7.20668
7.17826
7.13558
7.10705
7.07125
7.02801
6.99173
6.96254
6.92587
6.88903
6.84462
6.81492
6.7703
6.73312
6.70341
6.65902
6.62957
6.58566
6.54929
6.5131
6.47702
6.44818
6.40485
6.36859
6.33214
6.29546
6.26596
6.22144
6.19162
6.15422
6.10925
6.07179
6.03439
6.00456
5.96739
5.92298
5.8861
5.85667
5.81995
5.77597
5.74669
5.70279
5.66625
5.62973
5.60053
5.55674
5.52023
5.491
5.44708
5.41039
5.38096
5.34409
5.30714
5.26274
5.22574
5.19616
5.15925
5.11506
5.08566
5.04163
5.01231
4.97564
4.93158
4.90216
4.86531
4.82842
4.78414
4.75464
4.71782
4.68108
4.63713
4.60063
4.56423
4.52792
4.49167
4.46268
4.41915
4.38277
4.35357
4.3169
4.27267
4.23562
4.20587
4.16109
4.12367
4.08619
4.04869
4.01119
3.97371
3.94375
3.90637
3.86907
3.83191
3.78753
3.75809
3.71412
3.68493
3.64123
3.60485
3.57571
3.53186
3.50249
3.45818
3.42843
3.38352
3.34586
3.30805
3.2702
3.23242
3.19479
3.16486
3.12028
3.08342
3.04678
3.01031
2.97391
2.93751
2.90102
2.87172
2.8275
2.79782
2.75296
2.71528
2.67737
2.63927
2.60103
2.56269
2.53199
2.49363
2.45537
2.40967
2.3794
2.3343
2.30447
2.26738
2.23046
2.19359
2.15665
2.11207
2.08213
2.03681
1.99865
1.96786
1.92909
1.89006
1.843
1.80373
1.77235
1.72545
1.68656
1.64787
1.61704
1.5786
1.54018
1.5017
1.4553
1.4164
1.38512
1.33796
1.30639
1.26682
1.22719
1.17959
1.13993
1.10028
1.06858
1.02892
0.981217
0.949301
0.901175
