-1.15317e-09
-1.18658e-09
6.53548e-05
0.00100691
0.00472679
0.0122223
0.0201048
0.0297731
0.037094
0.0384221
0.0363875
0.0321351
0.0265112
0.0208052
0.0163013
0.0132417
0.0113624
0.0102274
0.00969836
0.00946123
0.00966874
0.010096
0.0106342
0.0112434
0.0119113
0.012542
0.0129641
0.0130902
0.0129478
0.0126953
0.0121542
0.0115554
0.010855
0.0101455
0.00971645
0.00970054
0.0102803
0.0112265
0.0123541
0.0133836
0.0140345
0.0147213
0.0150409
0.0150967
0.0147918
0.0142276
0.0135313
0.0128212
0.012193
0.0116768
0.0112738
0.0109878
0.0108243
0.0107836
0.0108396
0.0110143
0.0114376
0.0124085
0.0139882
0.0163599
0.0178455
0.0193081
0.0196598
0.0194366
0.0186522
0.0170903
0.0154318
0.0137166
0.0122288
0.0111501
0.0105744
0.0100784
0.00991192
0.00992088
0.0100623
0.0102872
0.01051
0.0108201
0.011194
0.0122869
0.0140988
0.0165827
0.0189852
0.0204039
0.0204703
0.0197526
0.0180133
0.0166064
0.0145916
0.0119839
0.0104041
0.00864922
0.00781179
0.00738256
0.00723523
0.00722097
0.007316
0.00744349
0.00755801
0.00776118
0.00885368
0.0121254
0.0182841
0.0246107
0.033013
0.0361998
0.0354639
0.0324289
0.0285472
0.0242325
0.0198508
0.0161103
0.0140482
0.0126353
0.0124559
0.0124465
0.0121874
0.0116151
0.0107781
0.00993611
0.00855325
0.00751166
0.00674465
0.00624919
0.00596615
0.00560669
0.00535503
0.00519253
0.00510729
0.00504228
0.00490685
0.00465938
0.00448388
0.00426714
0.00413603
0.0040304
0.00393595
0.00385156
0.00377861
0.00370783
0.00362916
0.00354534
0.00346777
0.0034018
0.00334245
0.00328175
0.00323049
0.00315378
0.0031062
0.00304023
