-15.0019
-15.0019
-15.0019
-15.0012
-14.9981
-14.9891
-14.9749
-14.9449
-14.8875
-14.8212
-14.7392
-14.6442
-14.5393
-14.4274
-14.3121
-14.1972
-14.0861
-13.9812
-13.9026
-13.7938
-13.7107
-13.6332
-13.5595
-13.4876
-13.4152
-13.3406
-13.2625
-13.18
-13.093
-13.0206
-12.9083
-12.8126
-12.7166
-12.6215
-12.5286
-12.4564
-12.3515
-12.2667
-12.183
-12.0992
-12.031
-11.9258
-11.8345
-11.759
-11.642
-11.5416
-11.4397
-11.3375
-11.2361
-11.1368
-11.0406
-10.9483
-10.8603
-10.7766
-10.7125
-10.6355
-10.5611
-10.4881
-10.4149
-10.3239
-10.2598
-10.1566
-10.0634
-9.9842
-9.87984
-9.74865
-9.63649
-9.52391
-9.41297
-9.30553
-9.22311
-9.10653
-9.01628
-8.93215
-8.85349
-8.77929
-8.72226
-8.65269
-8.58367
-8.49948
-8.42623
-8.34814
-8.26342
-8.17089
-8.0702
-7.98406
-7.84705
-7.7519
-7.63068
-7.48524
-7.3903
-7.25386
-7.14762
-7.04935
-6.97673
-6.87753
-6.8029
-6.73423
-6.66994
-6.60825
-6.54719
-6.48414
-6.41558
-6.35415
-6.24718
-6.14278
-6.02482
-5.89499
-5.75615
-5.61169
-5.46528
-5.32085
-5.20945
-5.05372
-4.93753
-4.83559
-4.74838
-4.67537
-4.61527
-4.57525
-4.52583
-4.49134
-4.4599
-4.42884
-4.40276
-4.3598
-4.31972
-4.27583
-4.22889
-4.18992
-4.14065
-4.08275
-4.04609
-3.99567
-3.95887
-3.92738
-3.9013
-3.88032
-3.86379
-3.85083
-3.84034
-3.83119
-3.8223
-3.81277
-3.80194
-3.78945
-3.77819
-3.75939
-3.74587
-3.7248
